:date 12212024-13:40:09.000
:fixed_data
0 0 0 0 sd_sd1-1
1 1 0 0 sd_sd2-1
2 2 0 0 sd_sd3-1
3 3 0 0 sd_sd4-1
4 4 0 0 sd_sd5-1
5 5 0 0 sd_sd6-1
6 6 0 0 sd_sd7-1
7 7 0 0 sd_sd8-1
8 8 0 0 sd_sd9-1
9 9 0 0 sd_sd10-1
10 10 0 0 sd_sd11-1
11 11 0 0 sd_sd12-1
12 12 0 0 sd_sd13-1
13 13 0 0 sd_sd14-1
14 14 0 0 sd_sd15-1
15 15 0 0 sd_sd16-1
:
:vdbench503_vdbench_data_for_swat303
:date 12212024-13:40:35.000 12212024-13:43:40.000
10 0 5469037 0 27523496605 0 43752296 0 129760 129760 0 0 0 0
9 0 5446201 0 22245342048 0 43569608 0 125116 125116 0 0 0 0
12 0 5475825 0 35663711476 0 43806600 0 148275 148275 0 0 0 0
11 0 5438687 0 27039605861 0 43509496 0 139523 139523 0 0 0 0
2 0 5524108 0 28602025292 0 44192864 0 132838 132838 0 0 0 0
3 0 5517329 0 21629513243 0 44138632 0 131189 131189 0 0 0 0
0 0 5700127 0 42081666406 0 45601016 0 766478 766478 0 0 0 0
1 0 5508787 0 21562048460 0 44070296 0 137023 137023 0 0 0 0
6 0 5434816 0 20071469390 0 43478528 0 136885 136885 0 0 0 0
7 0 5435807 0 24615871685 0 43486456 0 124834 124834 0 0 0 0
4 0 5498313 0 28381110509 0 43986504 0 136404 136404 0 0 0 0
5 0 5484396 0 21841618581 0 43875168 0 132319 132319 0 0 0 0
14 0 5484113 0 38646371688 0 43872904 0 149657 149657 0 0 0 0
13 0 5468673 0 38736538015 0 43749384 0 146013 146013 0 0 0 0
8 0 5452474 0 30312556749 0 43619792 0 125109 125109 0 0 0 0
15 0 5480817 0 37203432314 0 43846536 0 118387 118387 0 0 0 0
